



5 5 5.77789 0.0316184
5 10 5.68836 0.0633225
5 15 5.54434 0.0944342
5 20 5.35423 0.122776
5 25 5.13105 0.144176
5 30 4.89352 0.152692
5 35 4.66665 0.142151
5 40 4.47989 0.109141
5 45 4.36205 0.0562785
5 50 4.33325 -0.00677219
5 55 4.39793 -0.0663092
5 60 4.54336 -0.110295
5 65 4.74457 -0.132867
5 70 4.97233 -0.134973
5 75 5.19974 -0.121785
5 80 5.40535 -0.0994075
5 85 5.57342 -0.0727475
5 90 5.69315 -0.0447631
5 95 5.7577 -0.0167377





10 5 5.82346 0.0591017
10 10 5.73437 0.119304
10 15 5.5892 0.180194
10 20 5.39351 0.238268
10 25 5.15693 0.285471
10 30 4.89575 0.308892
10 35 4.63598 0.293406
10 40 4.414 0.228635
10 45 4.27035 0.118082
10 50 4.23584 -0.0165287
10 55 4.31724 -0.142497
10 60 4.49411 -0.231753
10 65 4.72933 -0.272698
10 70 4.98445 -0.270363
10 75 5.22918 -0.238362
10 80 5.44323 -0.190677
10 85 5.61399 -0.137305
10 90 5.73368 -0.0835471
10 95 5.79762 -0.0310522





15 5 5.89706 0.086287
15 10 5.81075 0.176108
15 15 5.66708 0.270916
15 20 5.46652 0.367409
15 25 5.21144 0.454153
15 30 4.91097 0.508801
15 35 4.58972 0.499987
15 40 4.29599 0.399848
15 45 4.09683 0.207147
15 50 4.05007 -0.0363709
15 55 4.16857 -0.260607
15 60 4.41166 -0.407838
15 65 4.71331 -0.46127
15 70 5.01654 -0.439555
15 75 5.28757 -0.373795
15 80 5.51144 -0.290131
15 85 5.68283 -0.204142
15 90 5.79985 -0.122279
15 95 5.86147 -0.045076





20 5 5.99811 0.111144
20 10 5.91957 0.23018
20 15 5.78505 0.362985
20 20 5.58759 0.509907
20 25 5.31658 0.659415
20 30 4.96346 0.778806
20 35 4.54002 0.808091
20 40 4.10837 0.675769
20 45 3.79217 0.354353
20 50 3.71938 -0.0788847
20 55 3.91946 -0.467028
20 60 4.29683 -0.689385
20 65 4.71705 -0.733172
20 70 5.09201 -0.658154
20 75 5.3923 -0.531205
20 80 5.6198 -0.395345
20 85 5.784 -0.26964
20 90 5.89219 -0.158209
20 95 5.94816 -0.0577029





25 5 6.12307 0.129692
25 10 6.06047 0.273407
25 15 5.94966 0.444591
25 20 5.77596 0.653386
25 25 5.5101 0.898063
25 30 5.10696 1.14449
25 35 4.52971 1.29248
25 40 3.83164 1.16648
25 45 3.25179 0.632366
25 50 3.11832 -0.17558
25 55 3.51286 -0.865678
25 60 4.17153 -1.16965
25 65 4.79315 -1.13269
25 70 5.25536 -0.932729
25 75 5.56934 -0.701242
25 80 5.77951 -0.494372
25 85 5.91988 -0.324404
25 90 6.00876 -0.185661
25 95 6.05394 -0.066869





30 5 6.26323 0.136267
30 10 6.22688 0.29292
30 15 6.16097 0.493113
30 20 6.04876 0.764295
30 25 5.84523 1.13393
30 30 5.45012 1.60383
30 35 4.69351 2.0637
30 40 3.48288 2.12332
30 45 2.23988 1.24881
30 50 1.93841 -0.419891
30 55 2.8625 -1.72355
30 60 4.14085 -2.02119
30 65 5.0672 -1.69423
30 70 5.57976 -1.23632
30 75 5.84788 -0.849024
30 80 5.99661 -0.561181
30 85 6.08684 -0.352453
30 90 6.14248 -0.196258
30 95 6.17085 -0.0697281





35 5 6.40311 0.124954
35 10 6.40185 0.2738
35 15 6.40269 0.477279
35 20 6.40143 0.782327
35 25 6.36473 1.26523
35 30 6.16647 2.03874
35 35 5.43723 3.19218
35 40 3.3563 3.6588
35 45 -0 -0
35 50 -0 -0
35 55 1.68093 -2.14941
35 60 4.6094 -3.55716
35 65 5.79501 -2.33589
35 70 6.1473 -1.45707
35 75 6.2373 -0.901013
35 80 6.25893 -0.555884
35 85 6.2693 -0.333954
35 90 6.27897 -0.18103
35 95 6.28576 -0.0634752





40 5 6.52127 0.092553
40 10 6.55665 0.206059
40 15 6.63304 0.370003
40 20 6.77654 0.637081
40 25 7.01868 1.11715
40 30 7.35626 2.07037
40 35 6.72915 4.23154
40 40 -0 -0
40 45 -0 -0
40 50 -0 -0
40 55 -0 -0
40 60 2.28383 -0
40 65 7.23218 -2.61179
40 70 6.94202 -1.35627
40 75 6.68063 -0.757508
40 80 6.52093 -0.439476
40 85 6.43612 -0.25419
40 90 6.39654 -0.134749
40 95 6.38152 -0.0467375





45 5 6.59495 0.0416841
45 10 6.65649 0.0937395
45 15 6.7897 0.171483
45 20 7.05234 0.304531
45 25 7.56071 0.560518
45 30 8.60736 1.11406
45 35 -0 -0
45 40 -0 -0
45 45 -0 -0
45 50 -0 -0
45 55 -0 -0
45 60 -0 -0
45 65 9.25622 -1.50263
45 70 7.65303 -0.700092
45 75 7.0222 -0.369236
45 80 6.705 -0.206202
45 85 6.54621 -0.116464
45 90 6.47091 -0.0608787
45 95 6.44065 -0.0209752





50 5 6.60785 -0.0183173
50 10 6.67427 -0.0411961
50 15 6.81834 -0.0754464
50 20 7.10448 -0.134401
50 25 7.66627 -0.248352
50 30 8.79392 -0.462383
50 35 -0 -0
50 40 -0 -0
50 45 -0 -0
50 50 -0 -0
50 55 -0 -0
50 60 -0 -0
50 65 9.19279 0.463947
50 70 7.79003 0.30922
50 75 7.08786 0.163211
50 80 6.73915 0.0907499
50 85 6.56606 0.0511426
50 90 6.48404 0.0267141
50 95 6.45096 0.00920147





55 5 6.5569 -0.0743214
55 10 6.60479 -0.166176
55 15 6.70802 -0.300856
55 20 6.90681 -0.525469
55 25 7.26952 -0.944019
55 30 7.90372 -1.82751
55 35 5.26321 -3.17614
55 40 -0 -0
55 45 -0 -0
55 50 -0 -0
55 55 -0 -0
55 60 -0 -0
55 65 8.03396 2.34514
55 70 7.26671 1.1644
55 75 6.84067 0.630519
55 80 6.6086 0.359217
55 85 6.48908 0.205537
55 90 6.43251 0.10829
55 95 6.41018 0.0374597





60 5 6.45366 -0.114925
60 10 6.46758 -0.253454
60 15 6.49903 -0.447247
60 20 6.55421 -0.748275
60 25 6.61903 -1.25163
60 30 6.59011 -2.13261
60 35 6.10823 -3.62078
60 40 -0 -1.59417
60 45 -0 -0
60 50 -0 -0
60 55 -0 -0
60 60 5.36646 4.42961
60 65 6.28065 2.52831
60 70 6.44683 1.47303
60 75 6.41478 0.873223
60 80 6.36743 0.525031
60 85 6.33977 0.310479
60 90 6.3292 0.16677
60 95 6.32688 0.058217





65 5 6.31921 -0.134733
65 10 6.29626 -0.291761
65 15 6.25503 -0.497857
65 20 6.18157 -0.788613
65 25 6.03037 -1.20955
65 30 5.68191 -1.79693
65 35 4.88151 -2.47913
65 40 3.36833 -2.74466
65 45 1.60618 -1.75983
65 50 1.14088 0.601014
65 55 2.50973 2.35871
65 60 4.22408 2.52757
65 65 5.2856 1.95699
65 70 5.77469 1.34663
65 75 5.9914 0.888273
65 80 6.09743 0.571558
65 85 6.15875 0.352798
65 90 6.19704 0.194417
65 95 6.21707 0.0687242





70 5 6.17625 -0.134943
70 10 6.12311 -0.286506
70 15 6.02783 -0.47186
70 20 5.87374 -0.707177
70 25 5.62389 -0.999579
70 30 5.21227 -1.32244
70 35 4.56208 -1.56229
70 40 3.69747 -1.47316
70 45 2.92615 -0.818215
70 50 2.74661 0.245721
70 55 3.28898 1.12872
70 60 4.13746 1.45393
70 65 4.86904 1.33969
70 70 5.36124 1.05663
70 75 5.66708 0.768496
70 80 5.85893 0.529025
70 85 5.98246 0.341564
70 90 6.05951 0.193523
70 95 6.09855 0.0693519





75 5 6.04281 -0.120824
75 10 5.96984 -0.251748
75 15 5.84319 -0.401206
75 20 5.6526 -0.572503
75 25 5.38044 -0.756228
75 30 5.00615 -0.916904
75 35 4.52842 -0.979128
75 40 4.01149 -0.839788
75 45 3.61606 -0.444865
75 50 3.52536 0.107741
75 55 3.78266 0.595179
75 60 4.24731 0.852514
75 65 4.73547 0.878138
75 70 5.14394 0.765099
75 75 5.45246 0.6024
75 80 5.67591 0.439918
75 85 5.83253 0.296043
75 90 5.9341 0.172224
75 95 5.98623 0.0625476





80 5 5.9301 -0.0984333
80 10 5.8466 -0.201801
80 15 5.70613 -0.312839
80 20 5.50638 -0.429012
80 25 5.24527 -0.53806
80 30 4.92644 -0.613216
80 35 4.57144 -0.613325
80 40 4.23421 -0.497626
80 45 3.99933 -0.258819
80 50 3.9447 0.049271
80 55 4.08782 0.330485
80 60 4.37261 0.507421
80 65 4.71269 0.562481
80 70 5.0404 0.525647
80 75 5.32208 0.439487
80 80 5.54761 0.336556
80 85 5.71661 0.2345
80 90 5.83046 0.139572
80 95 5.89002 0.0512917





85 5 5.84328 -0.0725593
85 10 5.75556 -0.146849
85 15 5.61157 -0.22283
85 20 5.41515 -0.296602
85 25 5.17356 -0.358402
85 30 4.90086 -0.391616
85 35 4.62283 -0.375656
85 40 4.37967 -0.29501
85 45 4.2198 -0.152651
85 50 4.18175 0.022592
85 55 4.27404 0.18582
85 60 4.47046 0.298994
85 65 4.7255 0.347867
85 70 4.99496 0.341038
85 75 5.24724 0.297691
85 80 5.46363 0.236224
85 85 5.63386 0.169097
85 90 5.75213 0.102486
85 95 5.815 0.0380166





90 5 5.78366 -0.0459906
90 10 5.69501 -0.092214
90 15 5.55196 -0.137813
90 20 5.36209 -0.179682
90 25 5.13739 -0.211776
90 30 4.89576 -0.225222
90 35 4.66223 -0.210566
90 40 4.46785 -0.162271
90 45 4.34428 -0.0839159
90 50 4.31427 0.00995805
90 55 4.38284 0.0984429
90 60 4.53535 0.16327
90 65 4.74383 0.195857
90 70 4.97686 0.198067
90 75 5.20688 0.177958
90 80 5.41295 0.144746
90 85 5.58033 0.105631
90 90 5.69908 0.0648797
90 95 5.76297 0.0242349





95 5 5.75078 -0.0198074
95 10 5.6624 -0.0394247
95 15 5.52105 -0.0582468
95 20 5.33612 -0.0748467
95 25 5.12158 -0.0867425
95 30 4.89647 -0.0906643
95 35 4.68463 -0.0834325
95 40 4.51259 -0.0635399
95 45 4.40499 -0.0327417
95 50 4.37853 0.00359425
95 55 4.43694 0.0380711
95 60 4.56986 0.0641169
95 65 4.75637 0.0782842
95 70 4.97083 0.0807056
95 75 5.18827 0.0739126
95 80 5.38747 0.0611786
95 85 5.55199 0.0452977
95 90 5.67005 0.0281166
95 95 5.73397 0.0105612



